1200,806,548
1201,806,548
1202,806,549
1203,806,548
1204,806,549
1205,806,548
1206,806,548
1207,806,548
1208,806,548
1209,806,549
1210,806,550
1211,806,549
1212,806,548
1213,806,547
1214,805,548
1215,805,547
1216,805,546
1217,805,546
1218,805,545
1219,805,545
1220,805,545
1221,805,544
1222,805,545
1223,805,546
1224,805,545
1225,805,546
1226,805,546
1227,805,546
1228,805,545
1229,805,544
1230,804,543
1231,804,544
1232,804,544
1233,804,543
1234,804,544
1235,804,544
1236,804,545
1237,804,545
1238,804,544
1239,804,545
1240,804,544
1241,804,545
1242,804,545
1243,804,545
1244,804,546
1245,804,547
1246,803,547
1247,803,547
1248,803,548
1249,803,547
1250,803,546
1251,803,545
1252,803,545
1253,803,546
1254,803,547
1255,803,547
1256,803,546
1257,803,546
1258,803,547
1259,803,546
1260,803,546
1261,803,547
1262,803,548
1263,802,549
1264,802,548
1265,802,547
1266,802,547
1267,802,547
1268,802,548
1269,802,547
1270,802,546
1271,802,546
1272,802,545
1273,802,546
1274,802,546
1275,802,547
1276,802,547
1277,802,548
1278,802,548
1279,801,549
1280,801,549
1281,801,549
1282,801,548
1283,801,547
1284,801,547
1285,801,547
1286,801,548
1287,801,547
1288,801,546
1289,801,546
1290,801,547
1291,801,546
1292,801,547
1293,801,548
1294,801,549
1295,800,550
1296,800,550
1297,800,549
1298,800,549
1299,800,550
1300,800,551
1301,800,552
1302,800,553
1303,800,553
1304,800,553
1305,800,552
1306,800,551
1307,800,552
1308,800,551
1309,800,550
1310,800,550
1311,800,550
1312,799,549
1313,799,550
1314,799,549
1315,799,548
1316,799,548
1317,799,549
1318,799,550
1319,799,549
1320,799,549
1321,799,550
1322,799,550
1323,799,549
1324,799,549
1325,799,548
1326,799,547
1327,799,546
1328,798,546
1329,798,546
1330,798,545
1331,798,546
1332,798,547
1333,798,547
1334,798,547
1335,798,546
1336,798,547
1337,798,547
1338,798,548
1339,798,548
1340,798,549
1341,798,548
1342,798,549
1343,798,550
1344,798,549
1345,797,550
1346,797,551
1347,797,552
1348,797,553
1349,797,554
1350,797,553
1351,797,554
1352,797,555
1353,797,556
1354,797,556
1355,797,557
1356,797,558
1357,797,558
1358,797,558
1359,797,558
1360,797,557
1361,796,557
1362,796,558
1363,796,557
1364,796,558
1365,796,559
1366,796,560
1367,796,560
1368,796,559
1369,796,559
1370,796,560
1371,796,561
1372,796,560
1373,796,561
1374,796,560
1375,796,559
1376,796,558
1377,796,558
1378,795,559
1379,795,560
1380,795,559
1381,795,559
1382,795,560
1383,795,561
1384,795,561
1385,795,560
1386,795,560
1387,795,561
1388,795,560
1389,795,561
1390,795,560
1391,795,559
1392,795,558
1393,795,559
1394,794,559
1395,794,560
1396,794,561
1397,794,562
1398,794,563
1399,794,563
1400,794,563
1401,794,563
1402,794,563
1403,794,564
1404,794,564
1405,794,563
1406,794,564
1407,794,563
1408,794,562
1409,794,563
1410,794,562
1411,793,563
1412,793,564
1413,793,565
1414,793,566
1415,793,567
1416,793,567
1417,793,568
1418,793,567
1419,793,566
1420,793,567
1421,793,567
1422,793,568
1423,793,569
1424,793,569
1425,793,570
1426,793,570
1427,793,571
1428,792,572
1429,792,571
1430,792,572
1431,792,573
1432,792,573
1433,792,573
1434,792,573
1435,792,574
1436,792,573
1437,792,573
1438,792,574
1439,792,575
1440,792,575
1441,792,576
1442,792,576
1443,792,577
1444,791,576
1445,791,577
1446,791,578
1447,791,577
1448,791,577
1449,791,576
1450,791,575
1451,791,574
1452,791,574
1453,791,574
1454,791,575
1455,791,575
1456,791,576
1457,791,577
1458,791,576
1459,791,575
1460,791,575
1461,790,574
1462,790,573
1463,790,573
1464,790,573
1465,790,574
1466,790,574
1467,790,575
1468,790,574
1469,790,575
1470,790,575
1471,790,574
1472,790,573
1473,790,573
1474,790,573
1475,790,573
1476,790,573
1477,790,573
1478,789,572
1479,789,573
1480,789,573
1481,789,572
1482,789,573
1483,789,573
1484,789,572
1485,789,572
1486,789,571
1487,789,572
1488,789,573
1489,789,573
1490,789,574
1491,789,574
1492,789,575
1493,789,575
1494,788,576
1495,788,577
1496,788,578
1497,788,579
1498,788,578
1499,788,578
1500,788,578
1501,788,579
1502,788,580
1503,788,581
1504,788,581
1505,788,581
1506,788,581
1507,788,581
1508,788,582
1509,788,581
1510,788,580
1511,787,581
1512,787,580
1513,787,579
1514,787,580
1515,787,579
1516,787,580
1517,787,579
1518,787,578
1519,787,579
1520,787,578
1521,787,577
1522,787,578
1523,787,578
1524,787,578
1525,787,579
1526,787,579
1527,787,579
1528,786,578
1529,786,577
1530,786,576
1531,786,577
1532,786,576
1533,786,576
1534,786,577
1535,786,576
1536,786,576
1537,786,577
1538,786,577
1539,786,576
1540,786,575
1541,786,574
1542,786,574
1543,786,575
1544,786,576
1545,785,576
1546,785,575
1547,785,575
1548,785,576
1549,785,575
1550,785,576
1551,785,575
1552,785,575
1553,785,574
1554,785,574
1555,785,574
1556,785,575
1557,785,576
1558,785,577
1559,785,576
1560,785,575
1561,785,575
1562,784,574
1563,784,573
1564,784,574
1565,784,575
1566,784,574
1567,784,573
1568,784,573
1569,784,574
1570,784,575
1571,784,574
1572,784,574
1573,784,573
1574,784,572
1575,784,573
1576,784,573
1577,784,574
1578,784,573
1579,783,572
1580,783,573
1581,783,573
1582,783,572
1583,783,573
1584,783,572
1585,783,571
1586,783,571
1587,783,570
1588,783,570
1589,783,570
1590,783,571
1591,783,570
1592,783,570
1593,783,570
1594,783,571
1595,783,570
1596,782,570
1597,782,571
1598,782,572
1599,782,573
1600,782,574
1601,782,575
1602,782,575
1603,782,576
1604,782,575
1605,782,576
1606,782,576
1607,782,575
1608,782,575
1609,782,575
1610,782,575
1611,782,575
1612,782,576
1613,781,577
1614,781,576
1615,781,576
1616,781,576
1617,781,576
1618,781,577
1619,781,578
1620,781,577
1621,781,577
1622,781,576
1623,781,576
1624,781,577
1625,781,577
1626,781,577
1627,781,577
1628,781,577
1629,781,578
1630,780,577
1631,780,577
1632,780,576
1633,780,577
1634,780,576
1635,780,575
1636,780,575
1637,780,574
1638,780,574
1639,780,573
1640,780,574
1641,780,574
1642,780,575
1643,780,576
1644,780,575
1645,780,574
1646,780,573
1647,779,574
1648,779,574
1649,779,574
1650,779,575
1651,779,575
1652,779,575
1653,779,575
1654,779,574
1655,779,575
1656,779,576
1657,779,577
1658,779,578
1659,779,579
1660,779,580
1661,779,579
1662,779,579
1663,779,578
1664,779,577
1665,778,578
1666,778,577
1667,778,577
1668,778,576
1669,778,575
1670,778,574
1671,778,574
1672,778,575
1673,778,576
1674,778,575
1675,778,576
1676,778,575
1677,778,576
1678,778,575
1679,778,576
1680,778,575
1681,778,574
1682,777,574
1683,777,574
1684,777,575
1685,777,574
1686,777,575
1687,777,574
1688,777,575
1689,777,575
1690,777,575
1691,777,574
1692,777,574
1693,777,574
1694,777,575
1695,777,574
1696,777,575
1697,777,574
1698,777,573
1699,776,573
1700,776,574
1701,776,574
1702,776,573
1703,776,573
1704,776,573
1705,776,574
1706,776,573
1707,776,574
1708,776,573
1709,776,573
1710,776,572
1711,776,572
1712,776,572
1713,776,573
1714,776,573
1715,776,574
1716,776,575
1717,775,576
1718,775,576
1719,775,577
1720,775,576
1721,775,575
1722,775,575
1723,775,574
1724,775,575
1725,775,574
1726,775,573
1727,775,573
1728,775,574
1729,775,574
1730,775,575
1731,775,574
1732,775,573
1733,775,572
1734,774,572
1735,774,572
1736,774,571
1737,774,572
1738,774,573
1739,774,573
1740,774,572
1741,774,573
1742,774,573
1743,774,572
1744,774,572
1745,774,572
1746,774,573
1747,774,573
1748,774,572
1749,774,571
1750,774,572
1751,774,573
1752,773,573
1753,773,574
1754,773,573
1755,773,573
1756,773,574
1757,773,574
1758,773,574
1759,773,573
1760,773,573
1761,773,572
1762,773,572
1763,773,572
1764,773,571
1765,773,571
1766,773,571
1767,773,572
1768,773,573
1769,772,574
1770,772,573
1771,772,572
1772,772,573
1773,772,572
1774,772,573
1775,772,572
1776,772,572
1777,772,572
1778,772,571
1779,772,572
1780,772,572
1781,772,572
1782,772,572
1783,772,571
1784,772,570
1785,772,570
1786,772,569
1787,771,570
1788,771,569
1789,771,569
1790,771,570
1791,771,569
1792,771,568
1793,771,569
1794,771,570
1795,771,571
1796,771,572
1797,771,573
1798,771,573
1799,771,574
1800,771,574
1801,771,573
1802,771,573
1803,771,572
1804,771,572
1805,770,572
1806,770,573
1807,770,573
1808,770,574
1809,770,573
1810,770,574
1811,770,575
1812,770,574
1813,770,573
1814,770,572
1815,770,572
1816,770,571
1817,770,571
1818,770,570
1819,770,571
1820,770,571
1821,770,570
1822,770,570
1823,769,569
1824,769,568
1825,769,568
1826,769,567
1827,769,566
1828,769,565
1829,769,564
1830,769,565
1831,769,564
1832,769,565
1833,769,566
1834,769,566
1835,769,565
1836,769,565
1837,769,565
1838,769,566
1839,769,567
1840,768,567
1841,768,568
1842,768,568
1843,768,567
1844,768,566
1845,768,566
1846,768,565
1847,768,564
1848,768,563
1849,768,563
1850,768,563
1851,768,562
1852,768,561
1853,768,561
1854,768,561
1855,768,562
1856,768,562
1857,768,562
1858,767,562
1859,767,561
1860,767,560
1861,767,561
1862,767,561
1863,767,562
1864,767,563
1865,767,563
1866,767,564
1867,767,565
1868,767,565
1869,767,564
1870,767,563
1871,767,562
1872,767,561
1873,767,562
1874,767,561
1875,767,561
1876,766,562
1877,766,563
1878,766,563
1879,766,562
1880,766,561
1881,766,562
1882,766,562
1883,766,562
1884,766,562
1885,766,563
1886,766,564
1887,766,565
1888,766,565
1889,766,565
1890,766,565
1891,766,565
1892,766,564
1893,766,563
1894,765,563
1895,765,564
1896,765,564
1897,765,564
1898,765,565
1899,765,565
1900,765,564
1901,765,564
1902,765,564
1903,765,565
1904,765,564
1905,765,563
1906,765,563
1907,765,564
1908,765,563
1909,765,562
1910,765,561
1911,765,561
1912,764,560
1913,764,561
1914,764,561
1915,764,561
1916,764,561
1917,764,561
1918,764,561
1919,764,560
1920,764,561
1921,764,560
1922,764,559
1923,764,558
1924,764,558
1925,764,557
1926,764,557
1927,764,557
1928,764,558
1929,764,558
1930,764,559
1931,763,559
1932,763,558
1933,763,557
1934,763,557
1935,763,557
1936,763,556
1937,763,557
1938,763,557
1939,763,557
1940,763,558
1941,763,559
1942,763,558
1943,763,557
1944,763,558
1945,763,557
1946,763,558
1947,763,559
1948,763,558
1949,762,558
1950,762,558
1951,762,557
1952,762,558
1953,762,557
1954,762,558
1955,762,559
1956,762,559
1957,762,559
1958,762,558
1959,762,558
1960,762,558
1961,762,559
1962,762,560
1963,762,559
1964,762,560
1965,762,561
1966,762,562
1967,761,563
1968,761,563
1969,761,562
1970,761,562
1971,761,563
1972,761,563
1973,761,563
1974,761,562
1975,761,562
1976,761,563
1977,761,562
1978,761,563
1979,761,563
1980,761,564
1981,761,564
1982,761,565
1983,761,565
1984,761,565
1985,761,566
1986,760,566
1987,760,565
1988,760,564
1989,760,565
1990,760,566
1991,760,565
1992,760,566
1993,760,567
1994,760,566
1995,760,565
1996,760,566
1997,760,565
1998,760,566
1999,760,565
2000,760,565
2001,760,566
2002,760,567
2003,760,566
2004,759,565
2005,759,565
2006,759,564
2007,759,564
2008,759,563
2009,759,562
2010,759,562
2011,759,561
2012,759,560
2013,759,559
2014,759,559
2015,759,558
2016,759,558
2017,759,559
2018,759,558
2019,759,558
2020,759,557
2021,759,558
2022,759,559
2023,758,558
2024,758,558
2025,758,559
2026,758,559
2027,758,558
2028,758,558
2029,758,559
2030,758,559
2031,758,558
2032,758,557
2033,758,556
2034,758,556
2035,758,557
2036,758,557
2037,758,558
2038,758,558
2039,758,558
2040,758,558
2041,757,559
2042,757,559
2043,757,560
2044,757,560
2045,757,559
2046,757,559
2047,757,558
2048,757,558
2049,757,559
2050,757,560
2051,757,560
2052,757,561
2053,757,560
2054,757,561
2055,757,561
2056,757,561
2057,757,562
2058,757,561
2059,757,562
2060,756,562
2061,756,562
2062,756,561
2063,756,560
2064,756,561
2065,756,562
2066,756,561
2067,756,561
2068,756,562
2069,756,563
2070,756,562
2071,756,563
2072,756,563
2073,756,564
2074,756,564
2075,756,564
2076,756,563
2077,756,563
2078,756,564
2079,755,565
2080,755,565
2081,755,564
2082,755,563
2083,755,562
2084,755,562
2085,755,561
2086,755,562
2087,755,563
2088,755,564
2089,755,564
2090,755,563
2091,755,564
2092,755,564
2093,755,563
2094,755,564
2095,755,565
2096,755,566
2097,754,565
2098,754,566
2099,754,566
2100,754,565
2101,754,566
2102,754,565
2103,754,564
2104,754,565
2105,754,564
2106,754,563
2107,754,562
2108,754,563
2109,754,562
2110,754,562
2111,754,561
2112,754,560
2113,754,561
2114,754,562
2115,754,563
2116,753,563
2117,753,562
2118,753,562
2119,753,563
2120,753,564
2121,753,563
2122,753,563
2123,753,564
2124,753,564
2125,753,565
2126,753,565
2127,753,564
2128,753,565
2129,753,564
2130,753,563
2131,753,562
2132,753,562
2133,753,561
2134,753,562
2135,752,563
2136,752,563
2137,752,563
2138,752,564
2139,752,563
2140,752,562
2141,752,562
2142,752,563
2143,752,562
2144,752,562
2145,752,562
2146,752,561
2147,752,561
2148,752,561
2149,752,561
2150,752,560
2151,752,559
2152,752,559
2153,752,560
2154,751,559
2155,751,559
2156,751,560
2157,751,559
2158,751,560
2159,751,560
2160,751,559
2161,751,559
2162,751,559
2163,751,558
2164,751,558
2165,751,559
2166,751,559
2167,751,560
2168,751,560
2169,751,561
2170,751,560
2171,751,559
2172,751,559
2173,751,560
2174,750,559
2175,750,560
2176,750,560
2177,750,561
2178,750,562
2179,750,561
2180,750,561
2181,750,562
2182,750,562
2183,750,561
2184,750,562
2185,750,563
2186,750,562
2187,750,563
2188,750,562
2189,750,561
2190,750,560
2191,750,559
2192,750,558
2193,749,557
2194,749,557
2195,749,557
2196,749,557
2197,749,558
2198,749,559
2199,749,558
2200,749,557
2201,749,557
2202,749,558
2203,749,559
2204,749,560
2205,749,560
2206,749,561
2207,749,560
2208,749,560
2209,749,560
2210,749,559
2211,749,560
2212,748,559
2213,748,560
2214,748,560
2215,748,561
2216,748,560
2217,748,561
2218,748,561
2219,748,562
2220,748,562
2221,748,562
2222,748,562
2223,748,563
2224,748,564
2225,748,563
2226,748,563
2227,748,563
2228,748,564
2229,748,565
2230,748,565
2231,748,565
2232,747,564
2233,747,564
2234,747,565
2235,747,565
2236,747,566
2237,747,567
2238,747,566
2239,747,567
2240,747,567
2241,747,566
2242,747,567
2243,747,568
2244,747,568
2245,747,568
2246,747,569
2247,747,568
2248,747,567
2249,747,568
2250,747,569
2251,746,568
2252,746,567
2253,746,566
2254,746,566
2255,746,565
2256,746,565
2257,746,564
2258,746,564
2259,746,565
2260,746,566
2261,746,567
2262,746,568
2263,746,569
2264,746,569
2265,746,569
2266,746,568
2267,746,568
2268,746,569
2269,746,570
2270,746,570
2271,745,570
2272,745,569
2273,745,569
2274,745,569
2275,745,569
2276,745,570
2277,745,570
2278,745,570
2279,745,569
2280,745,568
2281,745,568
2282,745,569
2283,745,569
2284,745,568
2285,745,567
2286,745,568
2287,745,568
2288,745,567
2289,745,568
2290,744,569
2291,744,570
2292,744,571
2293,744,571
2294,744,570
2295,744,569
2296,744,569
2297,744,569
2298,744,568
2299,744,568
2300,744,568
2301,744,568
2302,744,567
2303,744,566
2304,744,565
2305,744,565
2306,744,566
2307,744,567
2308,744,566
2309,744,565
2310,743,566
2311,743,565
2312,743,566
2313,743,566
2314,743,565
2315,743,564
2316,743,565
2317,743,564
2318,743,565
2319,743,565
2320,743,565
2321,743,566
2322,743,566
2323,743,567
2324,743,566
2325,743,566
2326,743,567
2327,743,568
2328,743,568
2329,743,568
2330,742,569
2331,742,568
2332,742,569
2333,742,569
2334,742,569
2335,742,568
2336,742,569
2337,742,570
2338,742,569
2339,742,570
2340,742,571
2341,742,571
2342,742,570
2343,742,570
2344,742,571
2345,742,570
2346,742,569
2347,742,569
2348,742,568
2349,742,569
2350,741,568
2351,741,569
2352,741,570
2353,741,571
2354,741,571
2355,741,572
2356,741,572
2357,741,572
2358,741,571
2359,741,570
2360,741,570
2361,741,569
2362,741,568
2363,741,567
2364,741,566
2365,741,566
2366,741,566
2367,741,565
2368,741,565
2369,741,564
2370,740,563
2371,740,564
2372,740,564
2373,740,564
2374,740,563
2375,740,563
2376,740,563
2377,740,562
2378,740,562
2379,740,563
2380,740,563
2381,740,564
2382,740,565
2383,740,566
2384,740,565
2385,740,566
2386,740,565
2387,740,566
2388,740,566
2389,740,566
2390,739,565
2391,739,564
2392,739,565
2393,739,565
2394,739,564
2395,739,563
2396,739,564
2397,739,565
2398,739,566
2399,739,567
0,868,567
1,868,568
2,868,567
3,868,568
4,868,568
5,868,567
6,868,566
7,868,567
8,868,566
9,868,566
10,868,567
11,868,566
12,868,566
13,868,566
14,868,566
15,868,565
16,868,565
17,868,564
18,868,564
19,868,564
20,868,564
21,868,564
22,868,565
23,868,565
24,868,566
25,868,567
26,868,566
27,868,565
28,868,564
29,868,564
30,868,564
31,868,563
32,868,564
33,868,564
34,868,565
35,868,564
36,868,564
37,868,565
38,868,564
39,868,564
40,868,565
41,868,566
42,868,566
43,867,565
44,867,565
45,867,566
46,867,567
47,867,568
48,867,567
49,867,568
50,867,567
51,867,566
52,867,565
53,867,564
54,867,563
55,867,562
56,867,563
57,867,562
58,867,563
59,867,562
60,867,562
61,867,562
62,867,562
63,867,562
64,867,562
65,867,561
66,867,560
67,867,560
68,867,561
69,867,561
70,867,562
71,867,561
72,867,561
73,867,560
74,867,561
75,867,560
76,867,559
77,867,560
78,867,559
79,867,558
80,867,559
81,867,558
82,866,557
83,866,558
84,866,557
85,866,556
86,866,557
87,866,557
88,866,558
89,866,557
90,866,558
91,866,557
92,866,556
93,866,556
94,866,555
95,866,556
96,866,557
97,866,557
98,866,558
99,866,559
100,866,558
101,866,558
102,866,559
103,866,559
104,866,558
105,866,557
106,866,556
107,866,556
108,866,556
109,866,557
110,866,558
111,866,557
112,866,557
113,866,557
114,866,558
115,866,559
116,866,558
117,865,557
118,865,556
119,865,555
120,865,555
121,865,556
122,865,556
123,865,557
124,865,556
125,865,556
126,865,557
127,865,556
128,865,557
129,865,558
130,865,557
131,865,556
132,865,555
133,865,556
134,865,555
135,865,554
136,865,555
137,865,556
138,865,555
139,865,556
140,865,556
141,865,557
142,865,556
143,865,555
144,865,556
145,865,556
146,865,556
147,865,557
148,864,556
149,864,556
150,864,555
151,864,555
152,864,555
153,864,555
154,864,554
155,864,553
156,864,554
157,864,553
158,864,553
159,864,552
160,864,552
161,864,551
162,864,550
163,864,549
164,864,549
165,864,550
166,864,551
167,864,550
168,864,551
169,864,551
170,864,552
171,864,553
172,864,553
173,864,554
174,864,555
175,864,555
176,863,555
177,863,555
178,863,556
179,863,557
180,863,558
181,863,557
182,863,557
183,863,556
184,863,555
185,863,554
186,863,553
187,863,554
188,863,553
189,863,554
190,863,554
191,863,555
192,863,555
193,863,556
194,863,557
195,863,558
196,863,557
197,863,558
198,863,557
199,863,558
200,863,557
201,863,557
202,863,556
203,862,557
204,862,558
205,862,557
206,862,556
207,862,555
208,862,556
209,862,555
210,862,556
211,862,556
212,862,555
213,862,555
214,862,555
215,862,556
216,862,557
217,862,557
218,862,557
219,862,557
220,862,558
221,862,557
222,862,558
223,862,559
224,862,559
225,862,558
226,862,558
227,862,557
228,861,557
229,861,556
230,861,556
231,861,555
232,861,556
233,861,556
234,861,555
235,861,554
236,861,554
237,861,554
238,861,553
239,861,554
240,861,554
241,861,555
242,861,554
243,861,555
244,861,555
245,861,554
246,861,555
247,861,555
248,861,556
249,861,555
250,861,554
251,861,554
252,861,554
253,860,553
254,860,552
255,860,553
256,860,553
257,860,553
258,860,554
259,860,555
260,860,556
261,860,557
262,860,557
263,860,556
264,860,556
265,860,555
266,860,555
267,860,554
268,860,555
269,860,555
270,860,556
271,860,556
272,860,555
273,860,556
274,860,557
275,860,557
276,859,558
277,859,559
278,859,558
279,859,557
280,859,558
281,859,557
282,859,556
283,859,555
284,859,554
285,859,553
286,859,552
287,859,551
288,859,550
289,859,549
290,859,549
291,859,548
292,859,548
293,859,549
294,859,550
295,859,551
296,859,551
297,859,550
298,858,551
299,858,552
300,858,551
301,858,550
302,858,551
303,858,550
304,858,550
305,858,551
306,858,550
307,858,550
308,858,549
309,858,548
310,858,547
311,858,546
312,858,547
313,858,547
314,858,546
315,858,546
316,858,546
317,858,547
318,858,548
319,858,548
320,857,548
321,857,548
322,857,547
323,857,547
324,857,547
325,857,546
326,857,547
327,857,546
328,857,547
329,857,546
330,857,546
331,857,547
332,857,547
333,857,546
334,857,546
335,857,547
336,857,546
337,857,545
338,857,544
339,857,543
340,857,543
341,857,543
342,856,543
343,856,543
344,856,543
345,856,543
346,856,542
347,856,543
348,856,543
349,856,542
350,856,543
351,856,543
352,856,544
353,856,544
354,856,544
355,856,543
356,856,543
357,856,543
358,856,543
359,856,543
360,856,543
361,856,542
362,856,542
363,855,543
364,855,542
365,855,542
366,855,543
367,855,542
368,855,541
369,855,542
370,855,543
371,855,544
372,855,543
373,855,544
374,855,543
375,855,542
376,855,543
377,855,543
378,855,543
379,855,544
380,855,543
381,855,544
382,855,544
383,854,545
384,854,545
385,854,546
386,854,546
387,854,545
388,854,544
389,854,544
390,854,545
391,854,546
392,854,546
393,854,545
394,854,545
395,854,544
396,854,544
397,854,545
398,854,544
399,854,543
400,854,542
401,854,541
402,854,540
403,853,541
404,853,542
405,853,543
406,853,544
407,853,543
408,853,542
409,853,541
410,853,542
411,853,541
412,853,541
413,853,541
414,853,541
415,853,540
416,853,541
417,853,540
418,853,541
419,853,540
420,853,540
421,853,539
422,853,539
423,852,540
424,852,540
425,852,539
426,852,539
427,852,539
428,852,538
429,852,538
430,852,537
431,852,536
432,852,537
433,852,537
434,852,536
435,852,535
436,852,536
437,852,536
438,852,536
439,852,535
440,852,534
441,852,535
442,851,534
443,851,535
444,851,535
445,851,536
446,851,535
447,851,536
448,851,535
449,851,534
450,851,535
451,851,536
452,851,536
453,851,535
454,851,536
455,851,537
456,851,538
457,851,538
458,851,538
459,851,539
460,851,538
461,850,539
462,850,538
463,850,538
464,850,538
465,850,537
466,850,536
467,850,536
468,850,535
469,850,534
470,850,534
471,850,535
472,850,535
473,850,536
474,850,535
475,850,535
476,850,536
477,850,535
478,850,535
479,850,534
480,849,533
481,849,533
482,849,534
483,849,533
484,849,533
485,849,534
486,849,534
487,849,535
488,849,534
489,849,533
490,849,533
491,849,532
492,849,531
493,849,531
494,849,530
495,849,529
496,849,530
497,849,530
498,848,530
499,848,531
500,848,530
501,848,531
502,848,532
503,848,531
504,848,530
505,848,531
506,848,531
507,848,530
508,848,531
509,848,532
510,848,533
511,848,534
512,848,533
513,848,532
514,848,532
515,848,532
516,847,531
517,847,532
518,847,533
519,847,533
520,847,533
521,847,533
522,847,533
523,847,532
524,847,533
525,847,533
526,847,533
527,847,532
528,847,533
529,847,533
530,847,532
531,847,532
532,847,533
533,847,534
534,847,535
535,846,536
536,846,537
537,846,537
538,846,538
539,846,537
540,846,537
541,846,538
542,846,538
543,846,538
544,846,539
545,846,539
546,846,539
547,846,538
548,846,539
549,846,539
550,846,539
551,846,540
552,846,541
553,845,540
554,845,541
555,845,541
556,845,542
557,845,542
558,845,541
559,845,542
560,845,543
561,845,542
562,845,542
563,845,542
564,845,542
565,845,542
566,845,541
567,845,540
568,845,539
569,845,539
570,844,539
571,844,539
572,844,538
573,844,537
574,844,538
575,844,539
576,844,538
577,844,537
578,844,537
579,844,538
580,844,537
581,844,537
582,844,536
583,844,535
584,844,534
585,844,535
586,844,534
587,844,533
588,843,534
589,843,533
590,843,534
591,843,534
592,843,534
593,843,535
594,843,535
595,843,534
596,843,535
597,843,535
598,843,536
599,843,535
600,843,536
601,843,536
602,843,536
603,843,536
604,843,535
605,842,536
606,842,535
607,842,536
608,842,536
609,842,536
610,842,537
611,842,536
612,842,536
613,842,535
614,842,536
615,842,536
616,842,535
617,842,536
618,842,536
619,842,537
620,842,537
621,842,537
622,842,538
623,841,539
624,841,540
625,841,541
626,841,542
627,841,541
628,841,540
629,841,541
630,841,540
631,841,540
632,841,541
633,841,540
634,841,540
635,841,540
636,841,539
637,841,538
638,841,538
639,841,537
640,840,536
641,840,535
642,840,534
643,840,533
644,840,534
645,840,533
646,840,534
647,840,535
648,840,534
649,840,534
650,840,535
651,840,536
652,840,535
653,840,534
654,840,533
655,840,534
656,840,535
657,839,535
658,839,535
659,839,536
660,839,537
661,839,538
662,839,538
663,839,539
664,839,538
665,839,537
666,839,537
667,839,536
668,839,535
669,839,534
670,839,533
671,839,533
672,839,532
673,839,531
674,838,532
675,838,531
676,838,530
677,838,530
678,838,529
679,838,530
680,838,529
681,838,529
682,838,528
683,838,528
684,838,528
685,838,528
686,838,527
687,838,527
688,838,527
689,838,527
690,838,526
691,837,526
692,837,525
693,837,525
694,837,526
695,837,527
696,837,527
697,837,527
698,837,527
699,837,526
700,837,527
701,837,527
702,837,527
703,837,527
704,837,528
705,837,527
706,837,528
707,837,527
708,836,527
709,836,527
710,836,526
711,836,527
712,836,528
713,836,529
714,836,530
715,836,531
716,836,532
717,836,533
718,836,532
719,836,531
720,836,531
721,836,531
722,836,532
723,836,533
724,836,533
725,835,532
726,835,532
727,835,531
728,835,530
729,835,530
730,835,529
731,835,528
732,835,528
733,835,528
734,835,529
735,835,528
736,835,527
737,835,527
738,835,527
739,835,526
740,835,525
741,835,525
742,834,524
743,834,524
744,834,524
745,834,525
746,834,525
747,834,524
748,834,524
749,834,525
750,834,524
751,834,524
752,834,523
753,834,522
754,834,523
755,834,524
756,834,524
757,834,523
758,833,522
759,833,523
760,833,522
761,833,522
762,833,521
763,833,521
764,833,521
765,833,521
766,833,521
767,833,521
768,833,522
769,833,521
770,833,520
771,833,521
772,833,521
773,833,520
774,833,520
775,832,519
776,832,520
777,832,520
778,832,520
779,832,521
780,832,521
781,832,520
782,832,521
783,832,521
784,832,520
785,832,520
786,832,521
787,832,522
788,832,522
789,832,523
790,832,524
791,831,524
792,831,523
793,831,523
794,831,522
795,831,521
796,831,520
797,831,520
798,831,520
799,831,521
800,831,520
801,831,519
802,831,520
803,831,519
804,831,520
805,831,519
806,831,518
807,831,519
808,830,520
809,830,521
810,830,521
811,830,520
812,830,520
813,830,521
814,830,520
815,830,521
816,830,522
817,830,523
818,830,524
819,830,525
820,830,526
821,830,526
822,830,525
823,830,525
824,829,524
825,829,523
826,829,522
827,829,523
828,829,522
829,829,521
830,829,520
831,829,521
832,829,520
833,829,519
834,829,518
835,829,517
836,829,518
837,829,519
838,829,520
839,829,521
840,829,520
841,828,519
842,828,520
843,828,520
844,828,520
845,828,521
846,828,520
847,828,519
848,828,518
849,828,519
850,828,518
851,828,519
852,828,518
853,828,518
854,828,519
855,828,520
856,828,520
857,827,520
858,827,521
859,827,522
860,827,521
861,827,521
862,827,522
863,827,521
864,827,520
865,827,521
866,827,521
867,827,521
868,827,520
869,827,521
870,827,520
871,827,520
872,827,520
873,826,520
874,826,520
875,826,521
876,826,520
877,826,519
878,826,520
879,826,520
880,826,520
881,826,519
882,826,520
883,826,520
884,826,519
885,826,519
886,826,519
887,826,518
888,826,517
889,826,516
890,825,516
891,825,517
892,825,517
893,825,516
894,825,517
895,825,517
896,825,518
897,825,519
898,825,519
899,825,520
900,825,521
901,825,520
902,825,520
903,825,520
904,825,521
905,825,521
906,824,522
907,824,521
908,824,522
909,824,521
910,824,521
911,824,521
912,824,522
913,824,521
914,824,521
915,824,520
916,824,521
917,824,521
918,824,522
919,824,521
920,824,521
921,824,520
922,823,519
923,823,520
924,823,520
925,823,519
926,823,519
927,823,520
928,823,520
929,823,520
930,823,520
931,823,520
932,823,519
933,823,519
934,823,520
935,823,521
936,823,521
937,823,522
938,822,522
939,822,523
940,822,522
941,822,521
942,822,522
943,822,523
944,822,523
945,822,523
946,822,522
947,822,523
948,822,522
949,822,523
950,822,523
951,822,524
952,822,524
953,822,524
954,822,524
955,821,525
956,821,526
957,821,527
958,821,526
959,821,526
960,821,526
961,821,526
962,821,527
963,821,526
964,821,527
965,821,528
966,821,529
967,821,530
968,821,529
969,821,529
970,821,529
971,820,528
972,820,527
973,820,526
974,820,527
975,820,528
976,820,527
977,820,526
978,820,525
979,820,526
980,820,527
981,820,527
982,820,527
983,820,526
984,820,527
985,820,528
986,820,529
987,819,528
988,819,529
989,819,530
990,819,530
991,819,530
992,819,530
993,819,529
994,819,529
995,819,529
996,819,530
997,819,531
998,819,530
999,819,530
1000,819,530
1001,819,529
1002,819,528
1003,818,529
1004,818,529
1005,818,530
1006,818,529
1007,818,530
1008,818,529
1009,818,528
1010,818,527
1011,818,527
1012,818,526
1013,818,526
1014,818,527
1015,818,527
1016,818,527
1017,818,527
1018,818,526
1019,817,526
1020,817,525
1021,817,524
1022,817,524
1023,817,523
1024,817,524
1025,817,524
1026,817,525
1027,817,525
1028,817,526
1029,817,526
1030,817,527
1031,817,527
1032,817,527
1033,817,527
1034,817,528
1035,817,528
1036,816,527
1037,816,527
1038,816,528
1039,816,528
1040,816,529
1041,816,528
1042,816,527
1043,816,527
1044,816,526
1045,816,526
1046,816,526
1047,816,525
1048,816,526
1049,816,526
1050,816,527
1051,816,528
1052,815,527
1053,815,528
1054,815,527
1055,815,526
1056,815,527
1057,815,526
1058,815,527
1059,815,528
1060,815,529
1061,815,528
1062,815,527
1063,815,527
1064,815,528
1065,815,529
1066,815,530
1067,815,531
1068,814,532
1069,814,531
1070,814,532
1071,814,531
1072,814,532
1073,814,533
1074,814,534
1075,814,534
1076,814,535
1077,814,536
1078,814,535
1079,814,534
1080,814,535
1081,814,536
1082,814,535
1083,814,534
1084,813,534
1085,813,533
1086,813,534
1087,813,533
1088,813,532
1089,813,533
1090,813,534
1091,813,533
1092,813,533
1093,813,534
1094,813,533
1095,813,533
1096,813,534
1097,813,535
1098,813,534
1099,813,535
1100,812,535
1101,812,535
1102,812,536
1103,812,535
1104,812,535
1105,812,535
1106,812,536
1107,812,536
1108,812,537
1109,812,536
1110,812,536
1111,812,537
1112,812,537
1113,812,538
1114,812,538
1115,812,538
1116,811,537
1117,811,537
1118,811,536
1119,811,536
1120,811,537
1121,811,536
1122,811,536
1123,811,535
1124,811,536
1125,811,536
1126,811,536
1127,811,537
1128,811,536
1129,811,537
1130,811,538
1131,811,538
1132,811,539
1133,810,538
1134,810,537
1135,810,537
1136,810,538
1137,810,537
1138,810,536
1139,810,537
1140,810,538
1141,810,537
1142,810,538
1143,810,537
1144,810,537
1145,810,536
1146,810,536
1147,810,537
1148,810,536
1149,809,537
1150,809,536
1151,809,537
1152,809,538
1153,809,538
1154,809,539
1155,809,540
1156,809,541
1157,809,541
1158,809,540
1159,809,539
1160,809,539
1161,809,538
1162,809,539
1163,809,540
1164,809,541
1165,808,540
1166,808,541
1167,808,542
1168,808,543
1169,808,542
1170,808,541
1171,808,542
1172,808,542
1173,808,543
1174,808,543
1175,808,544
1176,808,544
1177,808,543
1178,808,543
1179,808,542
1180,808,542
1181,807,542
1182,807,543
1183,807,543
1184,807,542
1185,807,542
1186,807,543
1187,807,542
1188,807,542
1189,807,542
1190,807,541
1191,807,542
1192,807,542
1193,807,541
1194,807,540
1195,807,539
1196,807,540
1197,807,539
1198,806,540
1199,806,540
1200,806,540
1201,806,540
1202,806,540
1203,806,539
1204,806,539
1205,806,538
1206,806,538
1207,806,538
1208,806,538
1209,806,539
1210,806,538
1211,806,538
1212,806,539
1213,806,539
1214,805,540
1215,805,540
1216,805,541
1217,805,542
1218,805,543
1219,805,543
1220,805,544
1221,805,544
1222,805,543
1223,805,543
1224,805,544
1225,805,545
1226,805,546
1227,805,546
1228,805,547
1229,805,548
1230,804,548
1231,804,548
1232,804,547
1233,804,548
1234,804,549
1235,804,548
1236,804,549
1237,804,550
1238,804,551
1239,804,552
1240,804,552
1241,804,551
1242,804,552
1243,804,551
1244,804,552
1245,804,551
1246,803,550
1247,803,550
1248,803,551
1249,803,552
1250,803,552
1251,803,552
1252,803,552
1253,803,552
1254,803,551
1255,803,550
1256,803,549
1257,803,550
1258,803,550
1259,803,549
1260,803,549
1261,803,550
1262,803,551
1263,802,552
1264,802,552
1265,802,552
1266,802,551
1267,802,552
1268,802,553
1269,802,552
1270,802,552
1271,802,553
1272,802,552
1273,802,553
1274,802,554
1275,802,553
1276,802,552
1277,802,552
1278,802,552
1279,801,552
1280,801,552
1281,801,553
1282,801,553
1283,801,554
1284,801,553
1285,801,553
1286,801,554
1287,801,553
1288,801,552
1289,801,552
1290,801,552
1291,801,551
1292,801,552
1293,801,551
1294,801,550
1295,800,550
1296,800,551
1297,800,550
1298,800,550
1299,800,550
1300,800,550
1301,800,549
1302,800,549
1303,800,548
1304,800,548
1305,800,548
1306,800,547
1307,800,548
1308,800,548
1309,800,547
1310,800,546
1311,800,547
1312,799,547
1313,799,546
1314,799,545
1315,799,544
1316,799,543
1317,799,542
1318,799,541
1319,799,540
1320,799,540
1321,799,539
1322,799,539
1323,799,538
1324,799,539
1325,799,538
1326,799,539
1327,799,540
1328,798,539
1329,798,538
1330,798,539
1331,798,540
1332,798,541
1333,798,542
1334,798,541
1335,798,540
1336,798,539
1337,798,538
1338,798,537
1339,798,536
1340,798,535
1341,798,535
1342,798,534
1343,798,535
1344,798,535
1345,797,536
1346,797,535
1347,797,535
1348,797,534
1349,797,534
1350,797,535
1351,797,534
1352,797,535
1353,797,534
1354,797,535
1355,797,535
1356,797,535
1357,797,536
1358,797,536
1359,797,535
1360,797,534
1361,796,535
1362,796,536
1363,796,536
1364,796,536
1365,796,535
1366,796,534
1367,796,535
1368,796,536
1369,796,537
1370,796,537
1371,796,537
1372,796,536
1373,796,537
1374,796,537
1375,796,538
1376,796,539
1377,796,538
1378,795,537
1379,795,538
1380,795,539
1381,795,538
1382,795,537
1383,795,537
1384,795,536
1385,795,535
1386,795,534
1387,795,533
1388,795,534
1389,795,534
1390,795,533
1391,795,534
1392,795,535
1393,795,534
1394,794,533
1395,794,533
1396,794,533
1397,794,533
1398,794,533
1399,794,532
1400,794,531
1401,794,531
1402,794,532
1403,794,533
1404,794,533
1405,794,533
1406,794,534
1407,794,535
1408,794,535
1409,794,535
1410,794,534
1411,793,534
1412,793,533
1413,793,534
1414,793,533
1415,793,534
1416,793,535
1417,793,536
1418,793,535
1419,793,534
1420,793,533
1421,793,532
1422,793,533
1423,793,533
1424,793,534
1425,793,535
1426,793,534
1427,793,533
1428,792,534
1429,792,535
1430,792,534
1431,792,535
1432,792,536
1433,792,537
1434,792,537
1435,792,537
1436,792,538
1437,792,537
1438,792,536
1439,792,536
1440,792,536
1441,792,535
1442,792,535
1443,792,535
1444,791,535
1445,791,535
1446,791,535
1447,791,534
1448,791,534
1449,791,534
1450,791,535
1451,791,534
1452,791,534
1453,791,534
1454,791,533
1455,791,533
1456,791,532
1457,791,533
1458,791,532
1459,791,532
1460,791,532
1461,790,531
1462,790,531
1463,790,530
1464,790,531
1465,790,530
1466,790,531
1467,790,532
1468,790,533
1469,790,534
1470,790,533
1471,790,533
1472,790,534
1473,790,534
1474,790,534
1475,790,533
1476,790,534
1477,790,534
1478,789,535
1479,789,536
1480,789,536
1481,789,536
1482,789,535
1483,789,534
1484,789,535
1485,789,534
1486,789,535
1487,789,534
1488,789,534
1489,789,534
1490,789,534
1491,789,533
1492,789,534
1493,789,534
1494,788,535
1495,788,534
1496,788,535
1497,788,535
1498,788,535
1499,788,535
1500,788,536
1501,788,536
1502,788,535
1503,788,535
1504,788,535
1505,788,536
1506,788,537
1507,788,537
1508,788,538
1509,788,537
1510,788,538
1511,787,538
1512,787,538
1513,787,538
1514,787,538
1515,787,539
1516,787,539
1517,787,540
1518,787,540
1519,787,539
1520,787,540
1521,787,539
1522,787,540
1523,787,541
1524,787,541
1525,787,540
1526,787,539
1527,787,538
1528,786,538
1529,786,537
1530,786,538
1531,786,537
1532,786,537
1533,786,538
1534,786,539
1535,786,538
1536,786,537
1537,786,536
1538,786,536
1539,786,537
1540,786,538
1541,786,539
1542,786,538
1543,786,538
1544,786,538
1545,785,537
1546,785,538
1547,785,537
1548,785,536
1549,785,536
1550,785,537
1551,785,538
1552,785,537
1553,785,537
1554,785,538
1555,785,539
1556,785,540
1557,785,539
1558,785,540
1559,785,541
1560,785,541
1561,785,541
1562,784,541
1563,784,540
1564,784,541
1565,784,542
1566,784,541
1567,784,541
1568,784,542
1569,784,543
1570,784,544
1571,784,545
1572,784,545
1573,784,546
1574,784,545
1575,784,545
1576,784,546
1577,784,545
1578,784,545
1579,783,544
1580,783,545
1581,783,545
1582,783,544
1583,783,543
1584,783,544
1585,783,543
1586,783,542
1587,783,542
1588,783,541
1589,783,541
1590,783,542
1591,783,542
1592,783,543
1593,783,542
1594,783,541
1595,783,542
1596,782,541
1597,782,542
1598,782,541
1599,782,541
1600,782,540
1601,782,540
1602,782,540
1603,782,541
1604,782,540
1605,782,539
1606,782,540
1607,782,540
1608,782,541
1609,782,540
1610,782,541
1611,782,540
1612,782,540
1613,781,541
1614,781,542
1615,781,543
1616,781,544
1617,781,545
1618,781,544
1619,781,545
1620,781,546
1621,781,547
1622,781,546
1623,781,547
1624,781,547
1625,781,547
1626,781,547
1627,781,546
1628,781,547
1629,781,547
1630,780,547
1631,780,548
1632,780,549
1633,780,550
1634,780,550
1635,780,551
1636,780,551
1637,780,550
1638,780,550
1639,780,551
1640,780,550
1641,780,549
1642,780,548
1643,780,548
1644,780,547
1645,780,548
1646,780,549
1647,779,549
1648,779,550
1649,779,551
1650,779,552
1651,779,552
1652,779,552
1653,779,551
1654,779,550
1655,779,550
1656,779,551
1657,779,552
1658,779,552
1659,779,553
1660,779,552
1661,779,551
1662,779,552
1663,779,551
1664,779,550
1665,778,551
1666,778,551
1667,778,550
1668,778,551
1669,778,550
1670,778,549
1671,778,549
1672,778,548
1673,778,548
1674,778,549
1675,778,550
1676,778,549
1677,778,548
1678,778,548
1679,778,548
1680,778,549
1681,778,549
1682,777,549
1683,777,549
1684,777,550
1685,777,551
1686,777,552
1687,777,552
1688,777,551
1689,777,552
1690,777,553
1691,777,552
1692,777,553
1693,777,552
1694,777,552
1695,777,552
1696,777,552
1697,777,553
1698,777,552
1699,776,553
1700,776,552
1701,776,552
1702,776,552
1703,776,551
1704,776,552
1705,776,552
1706,776,552
1707,776,552
1708,776,552
1709,776,553
1710,776,554
1711,776,553
1712,776,552
1713,776,551
1714,776,550
1715,776,549
1716,776,548
1717,775,547
1718,775,546
1719,775,545
1720,775,545
1721,775,546
1722,775,545
1723,775,544
1724,775,543
1725,775,542
1726,775,541
1727,775,541
1728,775,541
1729,775,541
1730,775,542
1731,775,543
1732,775,544
1733,775,544
1734,774,543
1735,774,542
1736,774,542
1737,774,541
1738,774,540
1739,774,539
1740,774,540
1741,774,539
1742,774,539
1743,774,539
1744,774,539
1745,774,539
1746,774,540
1747,774,540
1748,774,540
1749,774,539
1750,774,540
1751,774,541
1752,773,540
1753,773,541
1754,773,540
1755,773,540
1756,773,540
1757,773,539
1758,773,538
1759,773,538
1760,773,537
1761,773,537
1762,773,537
1763,773,536
1764,773,536
1765,773,535
1766,773,535
1767,773,534
1768,773,533
1769,772,533
1770,772,533
1771,772,533
1772,772,534
1773,772,535
1774,772,535
1775,772,534
1776,772,534
1777,772,533
1778,772,533
1779,772,532
1780,772,533
1781,772,532
1782,772,531
1783,772,531
1784,772,532
1785,772,532
1786,772,533
1787,771,532
1788,771,531
1789,771,530
1790,771,531
1791,771,531
1792,771,531
1793,771,531
1794,771,530
1795,771,529
1796,771,529
1797,771,528
1798,771,529
1799,771,528
1800,771,529
1801,771,530
1802,771,531
1803,771,530
1804,771,531
1805,770,531
1806,770,531
1807,770,532
1808,770,531
1809,770,532
1810,770,532
1811,770,532
1812,770,531
1813,770,532
1814,770,533
1815,770,532
1816,770,532
1817,770,533
1818,770,532
1819,770,531
1820,770,532
1821,770,531
1822,770,532
1823,769,533
1824,769,532
1825,769,532
1826,769,532
1827,769,531
1828,769,530
1829,769,531
1830,769,531
1831,769,530
1832,769,531
1833,769,530
1834,769,531
1835,769,530
1836,769,529
1837,769,528
1838,769,528
1839,769,528
1840,768,527
1841,768,526
1842,768,525
1843,768,524
1844,768,525
1845,768,526
1846,768,527
1847,768,526
1848,768,525
1849,768,525
1850,768,525
1851,768,526
1852,768,526
1853,768,527
1854,768,527
1855,768,527
1856,768,528
1857,768,528
1858,767,529
1859,767,530
1860,767,530
1861,767,529
1862,767,529
1863,767,529
1864,767,530
1865,767,530
1866,767,530
1867,767,531
1868,767,530
1869,767,529
1870,767,530
1871,767,531
1872,767,532
1873,767,531
1874,767,530
1875,767,530
1876,766,531
1877,766,531
1878,766,532
1879,766,531
1880,766,531
1881,766,531
1882,766,531
1883,766,530
1884,766,531
1885,766,531
1886,766,530
1887,766,529
1888,766,529
1889,766,530
1890,766,531
1891,766,530
1892,766,529
1893,766,528
1894,765,529
1895,765,528
1896,765,527
1897,765,526
1898,765,525
1899,765,524
1900,765,524
1901,765,525
1902,765,525
1903,765,526
1904,765,525
1905,765,524
1906,765,524
1907,765,524
1908,765,525
1909,765,526
1910,765,525
1911,765,526
1912,764,527
1913,764,528
1914,764,529
1915,764,528
1916,764,528
1917,764,529
1918,764,530
1919,764,530
1920,764,530
1921,764,530
1922,764,531
1923,764,531
1924,764,530
1925,764,530
1926,764,531
1927,764,530
1928,764,529
1929,764,530
1930,764,531
1931,763,530
1932,763,529
1933,763,530
1934,763,531
1935,763,532
1936,763,533
1937,763,534
1938,763,535
1939,763,535
1940,763,534
1941,763,533
1942,763,532
1943,763,531
1944,763,530
1945,763,531
1946,763,532
1947,763,532
1948,763,531
1949,762,531
1950,762,530
1951,762,530
1952,762,529
1953,762,529
1954,762,528
1955,762,528
1956,762,528
1957,762,529
1958,762,528
1959,762,527
1960,762,527
1961,762,528
1962,762,527
1963,762,527
1964,762,528
1965,762,527
1966,762,527
1967,761,527
1968,761,527
1969,761,527
1970,761,526
1971,761,526
1972,761,527
1973,761,528
1974,761,528
1975,761,527
1976,761,528
1977,761,527
1978,761,527
1979,761,528
1980,761,529
1981,761,530
1982,761,529
1983,761,529
1984,761,529
1985,761,530
1986,760,530
1987,760,529
1988,760,528
1989,760,527
1990,760,528
1991,760,528
1992,760,528
1993,760,527
1994,760,527
1995,760,528
1996,760,529
1997,760,530
1998,760,529
1999,760,529
2000,760,528
2001,760,528
2002,760,527
2003,760,527
2004,759,526
2005,759,527
2006,759,528
2007,759,529
2008,759,530
2009,759,531
2010,759,532
2011,759,532
2012,759,532
2013,759,532
2014,759,532
2015,759,532
2016,759,531
2017,759,530
2018,759,531
2019,759,531
2020,759,530
2021,759,531
2022,759,531
2023,758,531
2024,758,531
2025,758,530
2026,758,531
2027,758,530
2028,758,530
2029,758,530
2030,758,531
2031,758,530
2032,758,529
2033,758,528
2034,758,528
2035,758,527
2036,758,526
2037,758,526
2038,758,526
2039,758,527
2040,758,526
2041,757,526
2042,757,525
2043,757,525
2044,757,526
2045,757,527
2046,757,526
2047,757,527
2048,757,526
2049,757,525
2050,757,526
2051,757,527
2052,757,526
2053,757,527
2054,757,526
2055,757,527
2056,757,527
2057,757,526
2058,757,527
2059,757,528
2060,756,528
2061,756,527
2062,756,527
2063,756,527
2064,756,528
2065,756,527
2066,756,526
2067,756,526
2068,756,526
2069,756,527
2070,756,527
2071,756,527
2072,756,526
2073,756,527
2074,756,526
2075,756,525
2076,756,526
2077,756,526
2078,756,527
2079,755,527
2080,755,527
2081,755,526
2082,755,527
2083,755,528
2084,755,529
2085,755,528
2086,755,529
2087,755,528
2088,755,528
2089,755,529
2090,755,528
2091,755,528
2092,755,529
2093,755,530
2094,755,529
2095,755,528
2096,755,527
2097,754,528
2098,754,529
2099,754,530
2100,754,530
2101,754,531
2102,754,531
2103,754,532
2104,754,532
2105,754,533
2106,754,533
2107,754,534
2108,754,535
2109,754,535
2110,754,534
2111,754,535
2112,754,536
2113,754,535
2114,754,535
2115,754,535
2116,753,534
2117,753,534
2118,753,535
2119,753,536
2120,753,537
2121,753,536
2122,753,536
2123,753,536
2124,753,535
2125,753,534
2126,753,533
2127,753,532
2128,753,531
2129,753,531
2130,753,532
2131,753,532
2132,753,533
2133,753,534
2134,753,533
2135,752,534
2136,752,535
2137,752,536
2138,752,537
2139,752,536
2140,752,536
2141,752,536
2142,752,535
2143,752,535
2144,752,534
2145,752,535
2146,752,536
2147,752,535
2148,752,536
2149,752,536
2150,752,536
2151,752,536
2152,752,536
2153,752,535
2154,751,536
2155,751,537
2156,751,537
2157,751,538
2158,751,538
2159,751,539
2160,751,539
2161,751,538
2162,751,537
2163,751,538
2164,751,537
2165,751,538
2166,751,539
2167,751,539
2168,751,538
2169,751,539
2170,751,539
2171,751,538
2172,751,538
2173,751,538
2174,750,539
2175,750,539
2176,750,539
2177,750,539
2178,750,539
2179,750,538
2180,750,538
2181,750,537
2182,750,538
2183,750,537
2184,750,536
2185,750,537
2186,750,536
2187,750,536
2188,750,535
2189,750,535
2190,750,534
2191,750,534
2192,750,534
2193,749,534
2194,749,533
2195,749,532
2196,749,531
2197,749,532
2198,749,531
2199,749,530
2200,749,530
2201,749,531
2202,749,531
2203,749,531
2204,749,531
2205,749,532
2206,749,531
2207,749,532
2208,749,532
2209,749,533
2210,749,534
2211,749,533
2212,748,533
2213,748,533
2214,748,532
2215,748,533
2216,748,534
2217,748,535
2218,748,534
2219,748,533
2220,748,532
2221,748,531
2222,748,530
2223,748,529
2224,748,528
2225,748,528
2226,748,528
2227,748,528
2228,748,529
2229,748,530
2230,748,529
2231,748,529
2232,747,529
2233,747,530
2234,747,529
2235,747,530
2236,747,529
2237,747,528
2238,747,527
2239,747,526
2240,747,525
2241,747,524
2242,747,524
2243,747,525
2244,747,526
2245,747,525
2246,747,525
2247,747,525
2248,747,524
2249,747,523
2250,747,522
2251,746,522
2252,746,522
2253,746,523
2254,746,522
2255,746,521
2256,746,522
2257,746,523
2258,746,524
2259,746,523
2260,746,523
2261,746,522
2262,746,522
2263,746,522
2264,746,523
2265,746,523
2266,746,524
2267,746,524
2268,746,525
2269,746,524
2270,746,524
2271,745,523
2272,745,524
2273,745,524
2274,745,525
2275,745,524
2276,745,525
2277,745,525
2278,745,524
2279,745,525
2280,745,525
2281,745,524
2282,745,525
2283,745,524
2284,745,524
2285,745,525
2286,745,524
2287,745,523
2288,745,523
2289,745,523
2290,744,523
2291,744,524
2292,744,524
2293,744,524
2294,744,523
2295,744,522
2296,744,522
2297,744,523
2298,744,523
2299,744,524
2300,744,524
2301,744,524
2302,744,525
2303,744,526
2304,744,525
2305,744,525
2306,744,524
2307,744,525
2308,744,525
2309,744,526
2310,743,525
2311,743,524
2312,743,525
2313,743,525
2314,743,525
2315,743,525
2316,743,524
2317,743,525
2318,743,526
2319,743,527
2320,743,526
2321,743,527
2322,743,528
2323,743,527
2324,743,526
2325,743,527
2326,743,526
2327,743,525
2328,743,524
2329,743,524
2330,742,525
2331,742,525
2332,742,526
2333,742,525
2334,742,526
2335,742,525
2336,742,526
2337,742,525
2338,742,526
2339,742,527
2340,742,527
2341,742,527
2342,742,528
2343,742,529
2344,742,528
2345,742,527
2346,742,528
2347,742,527
2348,742,528
2349,742,527
2350,741,528
2351,741,529
2352,741,530
2353,741,531
2354,741,531
2355,741,532
2356,741,533
2357,741,533
2358,741,533
2359,741,533
2360,741,534
2361,741,534
2362,741,535
2363,741,534
2364,741,533
2365,741,534
2366,741,533
2367,741,534
2368,741,533
2369,741,532
2370,740,533
2371,740,532
2372,740,533
2373,740,533
2374,740,532
2375,740,533
2376,740,534
2377,740,534
2378,740,533
2379,740,533
2380,740,532
2381,740,533
2382,740,533
2383,740,534
2384,740,533
2385,740,532
2386,740,533
2387,740,532
2388,740,532
2389,740,532
2390,739,531
2391,739,530
2392,739,530
2393,739,531
2394,739,532
2395,739,533
2396,739,534
2397,739,534
2398,739,534
2399,739,533
0,868,533
1,868,533
2,868,532
3,868,531
4,868,531
5,868,531
6,868,531
7,868,530
8,868,529
9,868,529
10,868,530
11,868,529
12,868,529
13,868,528
14,868,529
15,868,528
16,868,529
17,868,530
18,868,530
19,868,531
20,868,530
21,868,531
22,868,532
23,868,531
24,868,531
25,868,530
26,868,531
27,868,530
28,868,531
29,868,532
30,868,533
31,868,532
32,868,531
33,868,530
34,868,531
35,868,532
36,868,533
37,868,534
38,868,535
39,868,534
40,868,535
41,868,534
42,868,535
43,867,534
44,867,535
45,867,534
46,867,533
47,867,533
48,867,532
49,867,532
50,867,533
51,867,534
52,867,533
53,867,534
54,867,535
55,867,534
56,867,534
57,867,533
58,867,532
59,867,531
60,867,532
61,867,533
62,867,534
63,867,533
64,867,532
65,867,533
66,867,534
67,867,533
68,867,532
69,867,533
70,867,532
71,867,531
72,867,531
73,867,531
74,867,532
75,867,531
76,867,532
77,867,532
78,867,531
79,867,531
80,867,530
81,867,530
82,866,530
83,866,530
84,866,530
85,866,529
86,866,529
87,866,529
88,866,528
89,866,527
90,866,526
91,866,526
92,866,525
93,866,525
94,866,524
95,866,525
96,866,526
97,866,527
98,866,526
99,866,526
100,866,527
101,866,527
102,866,527
103,866,526
104,866,527
105,866,526
106,866,527
107,866,528
108,866,527
109,866,526
110,866,525
111,866,524
112,866,525
113,866,526
114,866,527
115,866,526
116,866,526
117,865,525
118,865,524
119,865,523
120,865,524
121,865,523
122,865,523
123,865,524
124,865,525
125,865,526
126,865,526
127,865,527
128,865,526
129,865,525
130,865,526
131,865,527
132,865,527
133,865,526
134,865,527
135,865,528
136,865,527
137,865,528
138,865,528
139,865,528
140,865,529
141,865,528
142,865,528
143,865,528
144,865,527
145,865,526
146,865,527
147,865,527
148,864,527
149,864,527
150,864,527
151,864,527
152,864,528
153,864,527
154,864,526
155,864,527
156,864,526
157,864,525
158,864,524
159,864,524
160,864,524
161,864,524
162,864,523
163,864,522
164,864,521
165,864,521
166,864,521
167,864,520
168,864,520
169,864,521
170,864,522
171,864,522
172,864,523
173,864,524
174,864,523
175,864,524
176,863,524
177,863,524
178,863,524
179,863,525
180,863,526
181,863,527
182,863,526
183,863,525
184,863,526
185,863,527
186,863,528
187,863,527
188,863,527
189,863,526
190,863,526
191,863,525
192,863,524
193,863,523
194,863,522
195,863,523
196,863,522
197,863,522
198,863,521
199,863,522
200,863,521
201,863,521
202,863,522
203,862,522
204,862,521
205,862,521
206,862,522
207,862,523
208,862,522
209,862,522
210,862,522
211,862,521
212,862,522
213,862,523
214,862,524
215,862,524
216,862,524
217,862,523
218,862,523
219,862,522
220,862,522
221,862,521
222,862,521
223,862,520
224,862,521
225,862,522
226,862,523
227,862,522
228,861,523
229,861,522
230,861,523
231,861,523
232,861,524
233,861,524
234,861,523
235,861,523
236,861,523
237,861,523
238,861,524
239,861,524
240,861,525
241,861,524
242,861,525
243,861,526
244,861,527
245,861,528
246,861,527
247,861,526
248,861,526
249,861,525
250,861,526
251,861,525
252,861,526
253,860,527
254,860,527
255,860,527
256,860,526
257,860,527
258,860,528
259,860,529
260,860,528
261,860,528
262,860,529
263,860,530
264,860,530
265,860,530
266,860,529
267,860,529
268,860,528
269,860,528
270,860,527
271,860,526
272,860,527
273,860,526
274,860,526
275,860,525
276,859,525
277,859,525
278,859,526
279,859,527
280,859,527
281,859,526
282,859,525
283,859,525
284,859,524
285,859,523
286,859,522
287,859,522
288,859,521
289,859,521
290,859,520
291,859,519
292,859,519
293,859,520
294,859,519
295,859,519
296,859,518
297,859,519
298,858,519
299,858,520
300,858,519
301,858,518
302,858,517
303,858,516
304,858,515
305,858,514
306,858,515
307,858,514
308,858,514
309,858,513
310,858,514
311,858,515
312,858,514
313,858,513
314,858,513
315,858,514
316,858,515
317,858,514
318,858,515
319,858,515
320,857,514
321,857,514
322,857,515
323,857,515
324,857,516
325,857,515
326,857,516
327,857,516
328,857,515
329,857,514
330,857,513
331,857,513
332,857,513
333,857,513
334,857,514
335,857,515
336,857,516
337,857,517
338,857,518
339,857,517
340,857,517
341,857,517
342,856,516
343,856,517
344,856,518
345,856,517
346,856,516
347,856,516
348,856,515
349,856,516
350,856,515
351,856,514
352,856,515
353,856,515
354,856,515
355,856,516
356,856,516
357,856,515
358,856,516
359,856,515
360,856,514
361,856,513
362,856,513
363,855,513
364,855,514
365,855,513
366,855,512
367,855,512
368,855,513
369,855,513
370,855,513
371,855,514
372,855,515
373,855,515
374,855,516
375,855,516
376,855,516
377,855,515
378,855,514
379,855,514
380,855,513
381,855,513
382,855,512
383,854,513
384,854,513
385,854,514
386,854,513
387,854,514
388,854,513
389,854,513
390,854,514
391,854,514
392,854,513
393,854,512
394,854,512
395,854,512
396,854,512
397,854,511
398,854,511
399,854,512
400,854,512
401,854,511
402,854,511
403,853,510
404,853,510
405,853,510
406,853,511
407,853,512
408,853,513
409,853,513
410,853,514
411,853,514
412,853,513
413,853,512
414,853,513
415,853,514
416,853,513
417,853,514
418,853,513
419,853,512
420,853,513
421,853,512
422,853,511
423,852,510
424,852,509
425,852,510
426,852,511
427,852,512
428,852,513
429,852,512
430,852,512
431,852,511
432,852,511
433,852,510
434,852,510
435,852,510
436,852,509
437,852,510
438,852,511
439,852,511
440,852,512
441,852,513
442,851,513
443,851,512
444,851,513
445,851,513
446,851,512
447,851,511
448,851,511
449,851,510
450,851,509
451,851,509
452,851,509
453,851,510
454,851,511
455,851,512
456,851,513
457,851,513
458,851,514
459,851,515
460,851,514
461,850,513
462,850,513
463,850,513
464,850,514
465,850,513
466,850,512
467,850,512
468,850,512
469,850,511
470,850,510
471,850,511
472,850,511
473,850,512
474,850,512
475,850,513
476,850,512
477,850,512
478,850,512
479,850,512
480,849,513
481,849,513
482,849,514
483,849,515
484,849,515
485,849,516
486,849,517
487,849,517
488,849,516
489,849,517
490,849,518
491,849,519
492,849,520
493,849,520
494,849,521
495,849,520
496,849,519
497,849,520
498,848,519
499,848,520
500,848,520
501,848,519
502,848,518
503,848,519
504,848,520
505,848,520
506,848,521
507,848,521
508,848,522
509,848,522
510,848,521
511,848,521
512,848,522
513,848,522
514,848,521
515,848,520
516,847,521
517,847,521
518,847,521
519,847,520
520,847,520
521,847,520
522,847,521
523,847,522
524,847,522
525,847,521
526,847,520
527,847,521
528,847,520
529,847,519
530,847,518
531,847,518
532,847,518
533,847,519
534,847,519
535,846,519
536,846,520
537,846,519
538,846,519
539,846,518
540,846,518
541,846,519
542,846,518
543,846,519
544,846,518
545,846,518
546,846,519
547,846,520
548,846,519
549,846,519
550,846,520
551,846,519
552,846,520
553,845,520
554,845,520
555,845,519
556,845,520
557,845,521
558,845,520
559,845,520
560,845,521
561,845,520
562,845,519
563,845,518
564,845,517
565,845,518
566,845,519
567,845,520
568,845,521
569,845,520
570,844,521
571,844,521
572,844,520
573,844,521
574,844,520
575,844,520
576,844,519
577,844,519
578,844,520
579,844,519
580,844,519
581,844,520
582,844,519
583,844,519
584,844,518
585,844,519
586,844,519
587,844,519
588,843,518
589,843,519
590,843,518
591,843,519
592,843,520
593,843,519
594,843,520
595,843,519
596,843,519
597,843,519
598,843,518
599,843,519
600,843,519
601,843,518
602,843,517
603,843,518
604,843,518
605,842,517
606,842,518
607,842,517
608,842,517
609,842,517
610,842,518
611,842,518
612,842,518
613,842,518
614,842,518
615,842,517
616,842,517
617,842,517
618,842,518
619,842,517
620,842,516
621,842,517
622,842,518
623,841,519
624,841,518
625,841,519
626,841,519
627,841,519
628,841,520
629,841,519
630,841,519
631,841,519
632,841,518
633,841,519
634,841,519
635,841,520
636,841,521
637,841,522
638,841,521
639,841,520
640,840,519
641,840,519
642,840,519
643,840,519
644,840,518
645,840,519
646,840,518
647,840,517
648,840,517
649,840,516
650,840,516
651,840,515
652,840,515
653,840,516
654,840,517
655,840,518
656,840,517
657,839,518
658,839,519
659,839,520
660,839,520
661,839,521
662,839,521
663,839,522
664,839,523
665,839,522
666,839,522
667,839,522
668,839,523
669,839,522
670,839,521
671,839,521
672,839,520
673,839,521
674,838,522
675,838,521
676,838,520
677,838,519
678,838,520
679,838,520
680,838,521
681,838,520
682,838,519
683,838,518
684,838,518
685,838,518
686,838,518
687,838,518
688,838,517
689,838,517
690,838,516
691,837,516
692,837,516
693,837,515
694,837,516
695,837,515
696,837,514
697,837,513
698,837,514
699,837,513
700,837,514
701,837,514
702,837,514
703,837,514
704,837,514
705,837,514
706,837,515
707,837,515
708,836,516
709,836,517
710,836,517
711,836,518
712,836,517
713,836,518
714,836,518
715,836,518
716,836,518
717,836,518
718,836,517
719,836,516
720,836,516
721,836,516
722,836,515
723,836,516
724,836,517
725,835,517
726,835,517
727,835,516
728,835,517
729,835,516
730,835,516
731,835,516
732,835,517
733,835,516
734,835,516
735,835,515
736,835,514
737,835,515
738,835,516
739,835,517
740,835,518
741,835,517
742,834,517
743,834,517
744,834,517
745,834,517
746,834,518
747,834,518
748,834,519
749,834,518
750,834,517
751,834,516
752,834,515
753,834,514
754,834,514
755,834,515
756,834,514
757,834,513
758,833,513
759,833,513
760,833,513
761,833,512
762,833,511
763,833,512
764,833,512
765,833,511
766,833,511
767,833,512
768,833,513
769,833,514
770,833,515
771,833,515
772,833,516
773,833,516
774,833,517
775,832,516
776,832,516
777,832,516
778,832,517
779,832,518
780,832,518
781,832,518
782,832,519
783,832,519
784,832,520
785,832,519
786,832,519
787,832,518
788,832,519
789,832,518
790,832,519
791,831,518
792,831,519
793,831,520
794,831,521
795,831,520
796,831,519
797,831,519
798,831,518
799,831,518
800,831,518
801,831,518
802,831,517
803,831,517
804,831,517
805,831,518
806,831,518
807,831,519
808,830,520
809,830,521
810,830,520
811,830,519
812,830,520
813,830,519
814,830,519
815,830,519
816,830,519
817,830,519
818,830,520
819,830,520
820,830,519
821,830,518
822,830,518
823,830,518
824,829,519
825,829,520
826,829,520
827,829,520
828,829,519
829,829,518
830,829,517
831,829,518
832,829,519
833,829,518
834,829,519
835,829,520
836,829,520
837,829,519
838,829,519
839,829,519
840,829,519
841,828,520
842,828,519
843,828,518
844,828,519
845,828,519
846,828,519
847,828,520
848,828,521
849,828,521
850,828,521
851,828,522
852,828,521
853,828,521
854,828,522
855,828,521
856,828,522
857,827,522
858,827,521
859,827,520
860,827,519
861,827,519
862,827,520
863,827,521
864,827,522
865,827,523
866,827,522
867,827,522
868,827,521
869,827,520
870,827,520
871,827,521
872,827,520
873,826,520
874,826,519
875,826,520
876,826,521
877,826,522
878,826,523
879,826,522
880,826,523
881,826,522
882,826,523
883,826,524
884,826,525
885,826,525
886,826,526
887,826,527
888,826,526
889,826,526
890,825,526
891,825,527
892,825,528
893,825,529
894,825,529
895,825,530
896,825,530
897,825,529
898,825,529
899,825,528
900,825,528
901,825,528
902,825,528
903,825,527
904,825,528
905,825,527
906,824,528
907,824,528
908,824,528
909,824,529
910,824,528
911,824,529
912,824,529
913,824,529
914,824,529
915,824,529
916,824,530
917,824,530
918,824,529
919,824,528
920,824,529
921,824,528
922,823,529
923,823,529
924,823,528
925,823,529
926,823,529
927,823,529
928,823,528
929,823,527
930,823,527
931,823,527
932,823,527
933,823,528
934,823,527
935,823,527
936,823,526
937,823,527
938,822,528
939,822,527
940,822,526
941,822,526
942,822,527
943,822,528
944,822,528
945,822,528
946,822,527
947,822,528
948,822,527
949,822,528
950,822,529
951,822,530
952,822,531
953,822,531
954,822,532
955,821,533
956,821,532
957,821,532
958,821,533
959,821,532
960,821,531
961,821,530
962,821,530
963,821,529
964,821,528
965,821,528
966,821,527
967,821,527
968,821,528
969,821,527
970,821,527
971,820,526
972,820,526
973,820,525
974,820,524
975,820,524
976,820,524
977,820,523
978,820,523
979,820,523
980,820,523
981,820,524
982,820,523
983,820,523
984,820,523
985,820,523
986,820,524
987,819,523
988,819,523
989,819,524
990,819,524
991,819,524
992,819,525
993,819,524
994,819,523
995,819,522
996,819,521
997,819,522
998,819,522
999,819,522
1000,819,523
1001,819,524
1002,819,524
1003,818,523
1004,818,522
1005,818,522
1006,818,523
1007,818,523
1008,818,524
1009,818,524
1010,818,523
1011,818,523
1012,818,524
1013,818,525
1014,818,525
1015,818,526
1016,818,525
1017,818,526
1018,818,527
1019,817,526
1020,817,526
1021,817,526
1022,817,525
1023,817,526
1024,817,525
1025,817,525
1026,817,524
1027,817,524
1028,817,523
1029,817,524
1030,817,525
1031,817,524
1032,817,523
1033,817,523
1034,817,522
1035,817,522
1036,816,523
1037,816,522
1038,816,523
1039,816,524
1040,816,525
1041,816,524
1042,816,524
1043,816,524
1044,816,524
1045,816,525
1046,816,525
1047,816,525
1048,816,524
1049,816,525
1050,816,526
1051,816,526
1052,815,526
1053,815,527
1054,815,528
1055,815,529
1056,815,529
1057,815,528
1058,815,528
1059,815,527
1060,815,528
1061,815,529
1062,815,528
1063,815,528
1064,815,527
1065,815,526
1066,815,526
1067,815,525
1068,814,525
1069,814,525
1070,814,524
1071,814,523
1072,814,523
1073,814,524
1074,814,524
1075,814,524
1076,814,525
1077,814,524
1078,814,523
1079,814,522
1080,814,521
1081,814,521
1082,814,521
1083,814,521
1084,813,521
1085,813,520
1086,813,521
1087,813,521
1088,813,520
1089,813,521
1090,813,521
1091,813,522
1092,813,522
1093,813,523
1094,813,524
1095,813,525
1096,813,525
1097,813,526
1098,813,525
1099,813,525
1100,812,526
1101,812,525
1102,812,525
1103,812,526
1104,812,527
1105,812,526
1106,812,527
1107,812,527
1108,812,528
1109,812,527
1110,812,526
1111,812,525
1112,812,525
1113,812,525
1114,812,525
1115,812,526
1116,811,527
1117,811,526
1118,811,526
1119,811,527
1120,811,526
1121,811,526
1122,811,525
1123,811,525
1124,811,525
1125,811,524
1126,811,524
1127,811,525
1128,811,525
1129,811,524
1130,811,523
1131,811,522
1132,811,522
1133,810,522
1134,810,523
1135,810,522
1136,810,522
1137,810,521
1138,810,520
1139,810,519
1140,810,520
1141,810,520
1142,810,521
1143,810,520
1144,810,521
1145,810,520
1146,810,519
1147,810,520
1148,810,519
1149,809,518
1150,809,517
1151,809,516
1152,809,517
1153,809,517
1154,809,518
1155,809,517
1156,809,516
1157,809,515
1158,809,515
1159,809,516
1160,809,517
1161,809,517
1162,809,518
1163,809,519
1164,809,520
1165,808,520
1166,808,521
1167,808,520
1168,808,520
1169,808,521
1170,808,520
1171,808,521
1172,808,521
1173,808,520
1174,808,519
1175,808,520
1176,808,519
1177,808,520
1178,808,519
1179,808,519
1180,808,520
1181,807,520
1182,807,521
1183,807,520
1184,807,521
1185,807,520
1186,807,519
1187,807,520
1188,807,519
1189,807,518
1190,807,519
1191,807,518
1192,807,517
1193,807,516
1194,807,516
1195,807,516
1196,807,517
1197,807,518
1198,806,519
1199,806,520
